;地图名：至尊龙渊天堂
zz01	100	100     至尊龙渊魔王       100	1	120
zz01	100	100     至尊绝世魔王       100	1	120
zz01	100	100     至尊龙渊树妖       0	1	120
zz01	100	100     绝世魔王           190	1	120
zz01	100	100     龙渊魔王           250	1	120
zz01	100	100     终极龙渊树妖       50	1	120
zz01	100	100     终级・收割者       250	1	30
zz01	100	100     终级・统治者       250	1	30
zz01	143	105     终级・巨魔兽       250	1	30
zz01	100	100     终级・赤炎龙       250	1	30
zz01	100	100     终极黄金神龙       250	1	30
zz01	100	100     龙渊终级神龙       250	1	30
zz01	143	105     辉煌・收割者       250	3	30
zz01	100	100     辉煌・统治者       250	3	30
zz01	100	100     辉煌・巨魔兽       250	3	30
zz01	100	100     辉煌・赤炎龙       250	3	30
zz01	143	105      辉煌黄金神龙       250	3	30
zz01	100	100     辉煌终级神龙       250	3	30
zz01	100	100     暴风・赤炎龙       250  6	30
zz01	100	100     暴风・巨魔兽       250  6	30
zz01	143	105     暴风・统治者       250  6	30
zz01	100	100     暴风・收割者       250  6	30
zz01	100	100     暴风终级神龙       250  6	45
zz01	143	105     逍遥黄金神龙       250  6	30
zz01	100	100     暗影刀客           250  20	15
zz01	100	100     灵魂收割           250  20	15
zz01	100	100     万年树妖           250  20	15
zz01	100	100     火云神龙           250  20	15
zz01	100	100     远古魔牛           250  20	15
zz01	100	100     西域恶魔           250  20	15
zz01	100	100     冰岛魔王           250  20	15
zz01	100	100     魔龙教主           250  38	15
zz01	100	100     暗之魔龙教主       250  38	15
zz01	100	100     魔影巨人           250  38	15
zz01	100	100     至尊火眼巨魔       250	30	15
zz01	100	100     至尊冰眼巨魔       250	30	15
zz01	143	105     暴风・赤炎龙       100  1	30
zz01	143	105     暴风・巨魔兽       100  1	30
zz01	143	105     暴风・统治者       100  1	30
zz01	143	105     暴风・收割者       100  1	30
zz01	143	105     暴风终级神龙       100  1	45
zz01	143	105     逍遥黄金神龙       100  1	30
zz01	143	105     暗影刀客           100  5	15
zz01	143	105     灵魂收割           100  5	15
zz01	143	105     万年树妖           100  5	15
zz01	143	105     火云神龙           100  5	15
zz01	143	105     远古魔牛           100  5	15
zz01	143	105     西域恶魔           100  5	15
zz01	143	105     冰岛魔王           100  5	15
zz01	143	105     魔龙教主           100  10	15
zz01	143	105     暗之魔龙教主       100  10	15
zz01	143	105     魔影巨人           100  10	15
zz01	143	105     至尊火眼巨魔       100  10	15
zz01	143	105     至尊冰眼巨魔       100  10	15

;------龙渊迷宫-----------------------------------------------------
tian1  23  27  魔龙教主   30     1    30
tian1  23  27  辉煌终级神龙   30     1    30
tian1  23  27  冰岛魔王   30     1    30
tian2  23  27  终级・收割者   30     1    30
tian2  23  27  暗之魔龙教主   30     1    30
tian2  23  27  火云神龙   30     1    30
tian3  23  27  暗之魔龙教主   30     1    30
tian3  23  27  暴风・赤炎龙   30     1    30
tian3  23  27  西域恶魔   30     1    30
tian4  23  27  辉煌终级神龙   30     1    30
tian4  23  27  西域恶魔   30     1    30
tian4  23  27  火云神龙   30     1    30
tian5  23  27  暴风・统治者   30     1    30
tian5  23  27  魔龙教主   30     1    30
tian5  23  27  暗之魔龙教主   30     1    30
tian6  23  27  终级・统治者   30     1    60
tian6  23  27  冰岛魔王   30     1    30
tian6  23  27  魔影巨人   30     1    30
tian7  23  27  辉煌黄金神龙   30     1    30
tian7  23  27  冰岛魔王   30     1    30
tian7  23  27  暗之魔龙教主   30     1    30
tian8  23  27  辉煌・统治者   30     1    30
tian8  23  27  远古魔牛   30     1    30
tian8  23  27  万年树妖   30     1    30
tian9  23  27  逍遥黄金神龙   30     1    30
tian9  23  27  暗影刀客   30     1    30
tian9  23  27  灵魂收割   30     1    30
tian10  23  27  暴风・统治者   30     1    30
tian10  23  27  火云神龙   30     1    30
tian10  23  27  魔龙教主   30     1    30
tian11  23  27  终级・巨魔兽   30     1    30
tian11  23  27  魔影巨人   30     1    30
tian11  23  27  西域恶魔   30     1    30
tian12  23  27  冰岛魔王   30     1    30
tian12  23  27  暴风・统治者   30     1    30
tian12  23  27  暴风・巨魔兽   30     1    30
tian13  23  27  暴风终级神龙   30     1    30
tian13  23  27  灵魂收割   30     1    30
tian13  23  27  远古魔牛   30     1    30
tian14  23  27  终级・统治者   30     1    30
tian14  23  27  西域恶魔   30     1    30
tian14  23  27  火云神龙   30     1    30
tian15  23  27  辉煌・赤炎龙   30     1    30
tian15  23  27  魔龙教主   30     1    30
tian15  23  27  暗影刀客   30     1    30
tian16  23  27  西域恶魔   30     1    30
tian16  23  27  暴风・赤炎龙   30     1    30
tian16  23  27  逍遥黄金神龙   30     1    30
tian17  23  27  火云神龙   30     1    30
tian17  23  27  龙渊终级神龙       50	1	30
tian17  23  27  辉煌・收割者       50	1	30
tian18  23  27  辉煌・巨魔兽   30     1    30
tian18  23  27  暗之魔龙教主   30     1    30
tian18  23  27  魔影巨人   30     1    30
tian19  23  27  终级・赤炎龙   30     1    30
tian19  23  27  灵魂收割   30     1    30
tian19  23  27  远古魔牛   30     1    30
tian20  23  27  暴风・赤炎龙   30     1    30
tian20  23  27  冰岛魔王   30     1    30
tian20  23  27  暗之魔龙教主   30     1    30
tian21  23  27  辉煌・统治者   30     1    30
tian21  23  27  魔影巨人   30     1    30
tian21  23  27  西域恶魔   30     1    30
tian22  23  27  暴风・巨魔兽   30     1    30
tian22  23  27  火云神龙   30     1    30
tian22  23  27  魔龙教主   30     1    30
tian23  23  27  终极黄金神龙   30     1    30
tian23  23  27  暗之魔龙教主   30     1    30
tian23  23  27  魔影巨人   30     1    30
tian24  23  27  暴风・收割者   30     1    30
tian24  23  27  火云神龙   30     1    30
tian24  23  27  魔龙教主   30     1    30
tian25  23  27  龙渊终级神龙   30     1    30
tian25  23  27  灵魂收割   30     1    30
tian25  23  27  远古魔牛   30     1    30

;地图名：龙渊四层
xmjt	28	20     龙渊魔王           50	1	120
xmjt	27	20     终极龙渊树妖       0	1	120
xmjt	28	20     终级・收割者       50	1	60
xmjt	28	20     终级・统治者       50	1	60
xmjt	28	20     终级・巨魔兽       50	1	60
xmjt	28	20     终级・赤炎龙       50	1	60
xmjt	28	20     终极黄金神龙       50	1	60
xmjt	28	20     龙渊终级神龙       50	1	60
xmjt	28	20     辉煌・收割者       50	1	30
xmjt	28	20     辉煌・统治者       50	1	30
xmjt	28	20     辉煌・巨魔兽       50	1	30
xmjt	28	20     辉煌・赤炎龙       50	1	30
xmjt	28	20     辉煌黄金神龙       50	1	45
xmjt	28	20     辉煌终级神龙       50	1	45
xmjt	28	20     龙渊守卫       50	20	30
;地图名：龙渊三层
xm3	40	32     终级・收割者       190	1	60
xm3	40	32     终级・统治者       190	1	60
xm3	40	32     终级・巨魔兽       190	1	60
xm3	40	32     终级・赤炎龙       190	1	60
xm3	40	32     终极黄金神龙       170	1	60
xm3	40	32     龙渊终级神龙       190	1	60
xm3	40	32     辉煌・收割者       190	1	30
xm3	40	32     辉煌・统治者       190	1	30
xm3	40	32     辉煌・巨魔兽       190	1	30
xm3	40	32     辉煌・赤炎龙       190	1	30
xm3	40	32     辉煌黄金神龙       190	1	45
xm3	40	32     辉煌终级神龙       190	1	45
xm3	40	32     暴风・赤炎龙       190	1	30
xm3	40	32     暴风・巨魔兽       190	1	30
xm3	40	32     暴风・统治者       190	1	30
xm3	40	32     暴风・收割者       190	1	30
xm3	40	32     暴风终级神龙       190	1	45
xm3	40	32     暗影刀客       190	4	30
xm3	40	32     灵魂收割       190	4	30
xm3	40	32     万年树妖       190	4	30
xm3	40	32     火云神龙       190	4	30
xm3	40	32     远古魔牛       190	4	30
xm3	40	32     西域恶魔       190	4	30
xm3	40	32     冰岛魔王       190	4	30
xm3	40	32     逍遥黄金神龙   190	2	30
xm3	40	32     魔龙教主       100	8	15
xm3	40	32     暗之魔龙教主   100	8	15
xm3	40	32     魔影巨人       100	8	15
xm3	40	32     龙渊守卫       100	20	30
;地图名：龙渊二层
xm2	40	32     终级・收割者       190	1	60
xm2	40	32     终级・统治者       190	1	60
xm2	40	32     终级・巨魔兽       190	1	60
xm2	40	32     终级・赤炎龙       190	1	60
xm2	40	32     终极黄金神龙       170	1	60
xm2	40	32     龙渊终级神龙       190	1	60
xm2	40	32     辉煌・收割者       190	1	30
xm2	40	32     辉煌・统治者       190	1	30
xm2	40	32     辉煌・巨魔兽       190	1	30
xm2	40	32     辉煌・赤炎龙       190	1	30
xm2	40	32     辉煌黄金神龙       190	1	45
xm2	40	32     辉煌终级神龙       190	1	45
xm2	40	32     暴风・赤炎龙       190	1	30
xm2	40	32     暴风・巨魔兽       190	1	30
xm2	40	32     暴风・统治者       190	1	30
xm2	40	32     暴风・收割者       190	1	30
xm2	40	32     暴风终级神龙       190	1	45
xm2	40	32     暗影刀客       190	4	30
xm2	40	32     灵魂收割       190	4	30
xm2	40	32     万年树妖       190	4	30
xm2	40	32     火云神龙       190	4	30
xm2	40	32     远古魔牛       190	4	30
xm2	40	32     西域恶魔       190	4	30
xm2	40	32     冰岛魔王       190	4	30
xm2	40	32     逍遥黄金神龙   190	2	30
xm2	40	32     魔龙教主       100	8	15
xm2	40	32     暗之魔龙教主   100	8	15
xm2	40	32     魔影巨人       100	8	15
xm2	40	32     龙渊守卫       100	20	30
;地图名：龙渊一层
xm1	40	32     终级・收割者       190	1	60
xm1	40	32     终级・统治者       190	1	60
xm1	40	32     终级・巨魔兽       190	1	60
xm1	40	32     终级・赤炎龙       190	1	60
xm1	40	32     终极黄金神龙       170	1	60
xm1	40	32     龙渊终级神龙       190	1	60
xm1	40	32     辉煌・收割者       190	1	30
xm1	40	32     辉煌・统治者       190	1	30
xm1	40	32     辉煌・巨魔兽       190	1	30
xm1	40	32     辉煌・赤炎龙       190	1	30
xm1	40	32     辉煌黄金神龙       190	1	45
xm1	40	32     辉煌终级神龙       190	1	45
xm1	40	32     暴风・赤炎龙       190	1	30
xm1	40	32     暴风・巨魔兽       190	1	30
xm1	40	32     暴风・统治者       190	1	30
xm1	40	32     暴风・收割者       190	1	30
xm1	40	32     暴风终级神龙       190	1	45
xm1	40	32     暗影刀客       190	4	30
xm1	40	32     灵魂收割       190	4	30
xm1	40	32     万年树妖       190	4	30
xm1	40	32     火云神龙       190	4	30
xm1	40	32     远古魔牛       190	4	30
xm1	40	32     西域恶魔       190	4	30
xm1	40	32     冰岛魔王       190	4	30
xm1	40	32     逍遥黄金神龙   190	2	30
xm1	40	32     魔龙教主       100	8	15
xm1	40	32     暗之魔龙教主   100	8	15
xm1	40	32     魔影巨人       100	8	15
xm1	40	32     龙渊守卫       100	20	30

;地图名：龙渊仙岛
6990	37	41     终级・收割者       190	1	60
6990	37	41     终级・统治者       190	1	60
6990	37	41     终级・巨魔兽       190	1	60
6990	37	41     终级・赤炎龙       190	1	60
6990	37	41     终极黄金神龙       170	1	60
6990	37	41     龙渊终级神龙       190	1	60
6990	37	41     辉煌・收割者       190	1	30
6990	37	41     辉煌・统治者       190	1	30
6990	37	41     辉煌・巨魔兽       190	1	30
6990	37	41     辉煌・赤炎龙       190	1	30
6990	37	41     辉煌黄金神龙       190	1	45
6990	37	41     辉煌终级神龙       190	1	45
6990	37	41     暴风・赤炎龙       190	1	30
6990	37	41     暴风・巨魔兽       190	1	30
6990	37	41     暴风・统治者       190	1	30
6990	37	41     暴风・收割者       190	1	30
6990	37	41     暴风终级神龙       190	1	45
6990	37	41     暗影刀客       190	4	30
6990	37	41     灵魂收割       190	4	30
6990	37	41     万年树妖       190	4	30
6990	37	41     火云神龙       190	4	30
6990	37	41     远古魔牛       190	4	30
6990	37	41     西域恶魔       190	4	30
6990	37	41     冰岛魔王       190	4	30
6990	37	41     逍遥黄金神龙   190	2	30
6990	37	41     魔龙教主       100	8	15
6990	37	41     暗之魔龙教主   100	8	15
6990	37	41     魔影巨人       100	8	15

;地图名：龙渊仙岛
540	37	41     终级・收割者       190	1	60
540	37	41     终级・统治者       190	1	60
540	37	41     终级・巨魔兽       190	1	60
540	37	41     终级・赤炎龙       190	1	60
540	37	41     终极黄金神龙       170	1	60
540	37	41     龙渊终级神龙       190	1	60
540	37	41     辉煌・收割者       190	1	30
540	37	41     辉煌・统治者       190	1	30
540	37	41     辉煌・巨魔兽       190	1	30
540	37	41     辉煌・赤炎龙       190	1	30
540	37	41     辉煌黄金神龙       190	1	45
540	37	41     辉煌终级神龙       190	1	45
540	37	41     暴风・赤炎龙       190	1	30
540	37	41     暴风・巨魔兽       190	1	30
540	37	41     暴风・统治者       190	1	30
540	37	41     暴风・收割者       190	1	30
540	37	41     暴风终级神龙       190	1	45
540	37	41     暗影刀客       190	4	30
540	37	41     灵魂收割       190	4	30
540	37	41     万年树妖       190	4	30
540	37	41     火云神龙       190	4	30
540	37	41     远古魔牛       190	4	30
540	37	41     西域恶魔       190	4	30
540	37	41     冰岛魔王       190	4	30
540	37	41     逍遥黄金神龙   190	2	30
540	37	41     魔龙教主       100	8	15
540	37	41     暗之魔龙教主   100	8	15
540	37	41     魔影巨人       100	8	15

;地图名：龙渊仙岛
m8	40	50     终级・收割者       190	1	60
m8	40	50     终级・统治者       190	1	60
m8	40	50     终级・巨魔兽       190	1	60
m8	40	50     终级・赤炎龙       190	1	60
m8	40	50     终极黄金神龙       170	1	60
m8	40	50     龙渊终级神龙       190	1	60
m8	40	50     辉煌・收割者       190	1	30
m8	40	50     辉煌・统治者       190	1	30
m8	40	50     辉煌・巨魔兽       190	1	30
m8	40	50     辉煌・赤炎龙       190	1	30
m8	40	50     辉煌黄金神龙       190	1	45
m8	40	50     辉煌终级神龙       190	1	45
m8	40	50     暴风・赤炎龙       190	1	30
m8	40	50     暴风・巨魔兽       190	1	30
m8	40	50     暴风・统治者       190	1	30
m8	40	50     暴风・收割者       190	1	30
m8	40	50     暴风终级神龙       190	1	45
m8	40	50     暗影刀客       190	4	30
m8	40	50     灵魂收割       190	4	30
m8	40	50     万年树妖       190	4	30
m8	40	50     火云神龙       190	4	30
m8	40	50     远古魔牛       190	4	30
m8	40	50     西域恶魔       190	4	30
m8	40	50     冰岛魔王       190	4	30
m8	40	50     逍遥黄金神龙   190	2	30
m8	40	50     魔龙教主       100	8	15
m8	40	50     暗之魔龙教主   100	8	15
m8	40	50     魔影巨人       100	8	15
;━━━━━━━━━━━━━━━━━━━━━━━━━━━━━━━━

;地图名：天使镇妖塔一层
ji1	133	115     魔龙教主       100	5	35
ji1	133	115     暗之魔龙教主   100	5	35
ji1	133	115     魔影巨人       100	5	35
ji1	133	115     暗影刀客       100	3	35
ji1	133	115     灵魂收割       100	3	35
ji1	133	115     万年树妖       100	3	35
ji1	133	115     火云神龙       100	3	35
ji1	133	115     远古魔牛       100	3	35
ji1	133	115     西域恶魔       100	3	35
ji1	133	115     冰岛魔王       100	3	35

ji2	133	115     魔龙教主       100	5	35
ji2	133	115     暗之魔龙教主   100	5	35
ji2	133	115     魔影巨人       100	5	35
ji2	133	115     暗影刀客       100	3	35
ji2	133	115     灵魂收割       100	3	35
ji2	133	115     万年树妖       100	3	35
ji2	133	115     火云神龙       100	3	35
ji2	133	115     远古魔牛       100	3	35
ji2	133	115     西域恶魔       100	3	35
ji2	133	115     冰岛魔王       100	3	35

ji3	133	115     魔龙教主       100	5	35
ji3	133	115     暗之魔龙教主   100	5	35
ji3	133	115     魔影巨人       100	5	35
ji3	133	115     暗影刀客       100	3	35
ji3	133	115     灵魂收割       100	3	35
ji3	133	115     万年树妖       100	3	35
ji3	133	115     火云神龙       100	3	35
ji3	133	115     远古魔牛       100	3	35
ji3	133	115     西域恶魔       100	3	35
ji3	133	115     冰岛魔王       100	3	35
ji3	133	115     暴风・赤炎龙       190	1	30
ji3	133	115     暴风・巨魔兽       190	1	30
ji3	133	115     终级・收割者       50	1	60

ji4	133	115     魔龙教主       100	5	35
ji4	133	115     暗之魔龙教主   100	5	35
ji4	133	115     魔影巨人       100	5	35
ji4	133	115     暗影刀客       100	3	35
ji4	133	115     灵魂收割       100	3	35
ji4	133	115     万年树妖       100	3	35
ji4	133	115     火云神龙       100	3	35
ji4	133	115     远古魔牛       100	3	35
ji4	133	115     西域恶魔       100	3	35
ji4	133	115     冰岛魔王       100	3	35
ji4	133	115     暴风・统治者       190	1	30
ji4	133	115     暴风・收割者       190	1	30
ji4	133	115     终级・统治者       50	1	60

ji5	133	115     魔龙教主       100	5	35
ji5	133	115     暗之魔龙教主   100	5	35
ji5	133	115     魔影巨人       100	5	35
ji5	133	115     暗影刀客       100	3	35
ji5	133	115     灵魂收割       100	3	35
ji5	133	115     万年树妖       100	3	35
ji5	133	115     火云神龙       100	3	35
ji5	133	115     远古魔牛       100	3	35
ji5	133	115     西域恶魔       100	3	35
ji5	133	115     冰岛魔王       100	3	35
ji5	133	115     辉煌・收割者       190	1	30
ji5	133	115     辉煌・统治者       190	1	30
ji5	133	115     终级・巨魔兽       50	1	60

ji6	133	115     魔龙教主       100	5	35
ji6	133	115     暗之魔龙教主   100	5	35
ji6	133	115     魔影巨人       100	5	35
ji6	133	115     暗影刀客       100	3	35
ji6	133	115     灵魂收割       100	3	35
ji6	133	115     万年树妖       100	3	35
ji6	133	115     火云神龙       100	3	35
ji6	133	115     远古魔牛       100	3	35
ji6	133	115     西域恶魔       100	3	35
ji6	133	115     冰岛魔王       100	3	35
ji6	133	115     辉煌・巨魔兽       190	1	30
ji6	133	115     辉煌・赤炎龙       190	1	30
ji6	133	115     终级・赤炎龙       50	1	60

ji7	133	115     魔龙教主       100	5	35
ji7	133	115     暗之魔龙教主   100	5	35
ji7	133	115     魔影巨人       100	5	35
ji7	133	115     暗影刀客       100	3	35
ji7	133	115     灵魂收割       100	3	35
ji7	133	115     万年树妖       100	3	35
ji7	133	115     火云神龙       100	3	35
ji7	133	115     远古魔牛       100	3	35
ji7	133	115     西域恶魔       100	3	35
ji7	133	115     冰岛魔王       100	3	35
ji7	133	115     辉煌黄金神龙       190	1	45
ji7	133	115     辉煌终级神龙       190	1	45
ji7	133	115     龙渊终级神龙       190	1	60
ji7	133	115     终极黄金神龙       50	1	60

ji8	133	115     终级・收割者       50	1	60
ji8	133	115     终级・统治者       50	1	60
ji8	133	115     终级・巨魔兽       50	1	60
ji8	133	115     终级・赤炎龙       50	1	60
ji8	133	115     终极黄金神龙       50	1	60
ji8	133	115     辉煌・收割者       190	1	30
ji8	133	115     辉煌・统治者       190	1	30
ji8	133	115     辉煌・巨魔兽       190	1	30
ji8	133	115     辉煌・赤炎龙       190	1	30
ji8	133	115     辉煌黄金神龙       190	1	45
ji8	133	115     辉煌终级神龙       190	1	45
ji8	133	115     龙渊终级神龙       190	1	60
ji8	133	115     暴风・赤炎龙       190	1	30
ji8	133	115     暴风・巨魔兽       190	1	30
ji8	133	115     暴风・统治者       190	1	30
ji8	133	115     暴风・收割者       190	1	30
ji8	133	115     暴风终级神龙       190	1	45
ji8	133	115     绝世魔王           30	1	120

;地图名：绝世锁妖塔
a11	49	61     暴风・赤炎龙       90	1	30
a11	49	61     暴风・巨魔兽       90	1	30
a11	49	61     暴风・统治者       90	1	30
a11	49	61     暴风・收割者       90	1	30
a11	52	51     暴风终级神龙       0	1	45
a11	49	61     暗影刀客       90	2	30
a11	49	61     灵魂收割       90	2	30
a11	49	61     万年树妖       90	2	30
a11	49	61     火云神龙       90	2	30
a11	49	61     远古魔牛       90	2	30
a11	49	61     西域恶魔       90	2	30
a11	49	61     冰岛魔王       90	2	30
a11	88	87     逍遥黄金神龙   90	1	30

a10	49	61     暴风・巨魔兽       90	1	30
a10	49	61     暴风・统治者       90	1	30
a10	49	61     雪域野人44         90	6	15
a10	49	61     雪域冰甲虫44       90	6	15
a10	49	61     雪域冰狼44         90	6	15
a10	49	61     雪域力士44         90	6	15
a10	49	61     雪域卫士44         90	8	15
a10	49	61     雪域毛人44         90	8	15
a10	49	61     魔龙教主           90	2	35
a10	49	61     暗之魔龙教主       90	2	35
a10	49	61     魔影巨人           90	2	35
a10	49	61     火云神龙           90	2	35
a10	49	61     远古魔牛           90	2	35
a10	49	61     西域恶魔           90	2	35
a10	49	61     冰岛魔王           90	2	35
a10	49	61     逍遥黄金神龙       90	1	35

a9	49	61     暴风・统治者       90	1	30
a9	49	61     雪域野人33         90	6	15
a9	49	61     雪域冰甲虫33       90	6	15
a9	49	61     雪域冰狼33         90	6	15
a9	49	61     雪域力士33         90	6	15
a9	49	61     雪域卫士33         90	8	15
a9	49	61     雪域毛人33         90	8	15
a9	49	61     魔龙教主           90	2	35
a9	49	61     暗之魔龙教主       90	2	35
a9	49	61     魔影巨人        90	2	35
a9	49	61     暗影刀客        90	2	35
a9	49	61     灵魂收割        90	2	35
a9	49	61     万年树妖        90	2	35
a9	49	61     火云神龙        90	2	35

;━━━━━━━━━━━━━━━━━━━━━━━━━━━━━━━━
;地图名：逍遥神岛
a7	133	115     暗之魔龙力士9   250     1    180
a7	133	115     暗之魔龙战将9   250     1    180
a7	133	115     暗之魔龙巨蛾9   250     1    180
a7	133	115     暗之魔龙力士1      100	20	15
a7	133	115     暗之魔龙战将3      100	20	15
a7	133	115     暗之魔龙巨蛾3      100	20	15
a7	133	115     暗之魔龙力士3      100	20	15
a7	133	115     暗之魔龙战将1      100	20	15
a7	133	115     暗之魔龙巨蛾3      100	20	15
a7	133	115     暗之魔龙力士3      100	20	15
a7	133	115     暗之魔龙战将3      100	20	15
a7	133	115     暗之魔龙巨蛾1      100	20	15
a7	133	115     魔龙教主       100	8	35
a7	133	115     暗之魔龙教主   100	8	35
a7	133	115     魔影巨人       100	8	35
a7	133	115     暗影刀客       100	2	35
a7	133	115     灵魂收割       100	2	35
a7	133	115     万年树妖       100	2	35
a7	133	115     火云神龙       100	2	35
a7	133	115     远古魔牛       100	2	35
a7	133	115     西域恶魔       100	2	35
a7	133	115     冰岛魔王       100	1	35
a7	66	51      逍遥黄金神龙   0	1	35

;━━━━━━━━━━━━━━━━━━━━━━━━━━━━━━━━
;地图名：远古祭坛
lts101	133	115     暗之魔龙力士1      100	10	15
lts101	133	115     暗之魔龙战将3      100	10	15
lts101	133	115     暗之魔龙巨蛾3      100	10	15
lts101	133	115     暗之魔龙力士3      100	10	15
lts101	133	115     暗之魔龙战将1      100	10	15
lts101	133	115     暗之魔龙巨蛾3      100	10	15
lts101	133	115     暗之魔龙力士3      100	10	15
lts101	133	115     暗之魔龙战将3      100	10	15
lts101	133	115     暗之魔龙巨蛾1      100	10	15
lts101	133	115     魔龙教主       100	4	35
lts101	133	115     暗之魔龙教主   100	4	35
lts101	133	115     魔影巨人       100	4	35
lts101	133	115     暗影刀客       100	1	35
lts101	133	115     灵魂收割       100	1	35
lts101	133	115     万年树妖       100	1	35
lts101	133	115     火云神龙       100	1	35
lts101	133	115     远古魔牛       100	1	35
lts101	133	115     西域恶魔       100	1	35
lts101	133	115     冰岛魔王       100	1	35


xiaoda	133	115     暗之魔龙力士1      100	10	15
xiaoda	133	115     暗之魔龙战将3      100	10	15
xiaoda	133	115     暗之魔龙巨蛾3      100	10	15
xiaoda	133	115     暗之魔龙力士3      100	10	15
xiaoda	133	115     暗之魔龙战将1      100	10	15
xiaoda	133	115     暗之魔龙巨蛾3      100	10	15
xiaoda	133	115     暗之魔龙力士3      100	10	15
xiaoda	133	115     暗之魔龙战将3      100	10	15
xiaoda	133	115     暗之魔龙巨蛾1      100	10	15
xiaoda	133	115     魔龙教主       100	4	35
xiaoda	133	115     暗之魔龙教主   100	4	35
xiaoda	133	115     魔影巨人       100	4	35
xiaoda	133	115     暗影刀客       100	1	35
xiaoda	133	115     灵魂收割       100	1	35
xiaoda	133	115     万年树妖       100	1	35
xiaoda	133	115     火云神龙       100	1	35
xiaoda	133	115     远古魔牛       100	1	35
xiaoda	133	115     西域恶魔       100	1	35
xiaoda	133	115     冰岛魔王       100	1	35



;━━━━━━━━━━━━━━━━━━━━━━━━━━━━━━━━
;地图名：栖凤冰岛
a1	108	138     暗之魔龙力士9   250     1    180
a1	108	138     暗之魔龙战将9   250     1    180
a1	108	138     暗之魔龙巨蛾9   250     1    180
a1	108	138     暗之魔龙力士3      80	15	10
a1	108	138     暗之魔龙战将3      80	15	10
a1	108	138     暗之魔龙巨蛾3      80	15	10
a1	108	138     暗之魔龙力士3      80	15	10
a1	108	138     暗之魔龙战将3      80	15	10
a1	108	138     暗之魔龙巨蛾3      80	15	10
a1	108	138     暗之魔龙力士3      80	15	10
a1	108	138     暗之魔龙战将3      80	15	10
a1	108	138     暗之魔龙巨蛾3      80	15	10
a1	108	138     魔龙教主        80	7	20
a1	108	138     暗之魔龙教主    80	7	20
a1	108	138     魔影巨人        80	7	20
a1	108	138     暗影刀客        80	1	30
a1	108	138     灵魂收割        80	1	30
a1	108	138     万年树妖        80	1	30
a1	108	138     火云神龙        80	1	30
a1	108	138     远古魔牛        80	1	30
a1	108	138     西域恶魔        80	1	30
a1	104	109     冰岛魔王        80	1	30



a2	108	138     暗之魔龙力士9   250     1    180
a2	108	138     暗之魔龙战将9   250     1    180
a2	108	138     暗之魔龙巨蛾9   250     1    180
a2	108	138     暗之魔龙力士3      80	15	10
a2	108	138     暗之魔龙战将3      80	15	10
a2	108	138     暗之魔龙巨蛾3      80	15	10
a2	108	138     暗之魔龙力士3      80	15	10
a2	108	138     暗之魔龙战将3      80	15	10
a2	108	138     暗之魔龙巨蛾3      80	15	10
a2	108	138     暗之魔龙力士3      80	15	10
a2	108	138     暗之魔龙战将3      80	15	10
a2	108	138     暗之魔龙巨蛾3      80	15	10
a2	108	138     魔龙教主        80	7	20
a2	108	138     暗之魔龙教主    80	7	20
a2	108	138     魔影巨人        80	7	20
a2	108	138     暗影刀客        80	1	30
a2	108	138     灵魂收割        80	1	30
a2	108	138     万年树妖        80	1	30
a2	108	138     火云神龙        80	1	30
a2	108	138     远古魔牛        80	1	30
a2	108	138     西域恶魔        80	1	30
a2	104	109     冰岛魔王        80	1	30





;━━━━━━━━━━━━━━━━━━━━━━━━━━━━━━━━
;地图名：破灭回廊
a3	119 	95     暗之魔龙力士9   250     1    180
a3	119 	95     暗之魔龙战将9   250     1    180
a3	119 	95     暗之魔龙巨蛾9   250     1    180
a3	119 	95     暗之魔龙力士2      100	12	10
a3	119 	95     暗之魔龙战将2      100	12	10
a3	119 	95     暗之魔龙巨蛾2      100	12	10
a3	119 	95     暗之魔龙力士2      100	12	10
a3	119 	95     暗之魔龙战将2      100	12	10
a3	119 	95     暗之魔龙巨蛾2     100	12	10
a3	119 	95     暗之魔龙力士2      100	12	10
a3	119 	95     暗之魔龙战将2     100	12	10
a3	119 	95     暗之魔龙巨蛾2     100	12	10
a3	119 	95     魔龙教主       100	6	20
a3	119 	95     暗之魔龙教主   100	6	20
a3	119 	95     魔影巨人       100	6	20
a3	119 	95     暗影刀客       100	1	30
a3	119 	95     灵魂收割       100	1	30
a3	119 	95     万年树妖       100	1	30
a3	119 	95     火云神龙       100	1	30
a3	119 	95     远古魔牛       100	1	30
a3	119 	95     西域恶魔       100	1	30



a4	119 	95     暗之魔龙力士9   250     1    180
a4	119 	95     暗之魔龙战将9   250     1    180
a4	119 	95     暗之魔龙巨蛾9   250     1    180
a4	119 	95     暗之魔龙力士2      100	12	10
a4	119 	95     暗之魔龙战将2      100	12	10
a4	119 	95     暗之魔龙巨蛾2      100	12	10
a4	119 	95     暗之魔龙力士2      100	12	10
a4	119 	95     暗之魔龙战将2      100	12	10
a4	119 	95     暗之魔龙巨蛾2     100	12	10
a4	119 	95     暗之魔龙力士2      100	12	10
a4	119 	95     暗之魔龙战将2     100	12	10
a4	119 	95     暗之魔龙巨蛾2     100	12	10
a4	119 	95     魔龙教主       100	6	20
a4	119 	95     暗之魔龙教主   100	6	20
a4	119 	95     魔影巨人       100	6	20
a4	119 	95     暗影刀客       100	1	30
a4	119 	95     灵魂收割       100	1	30
a4	119 	95     万年树妖       100	1	30
a4	119 	95     火云神龙       100	1	30
a4	119 	95     远古魔牛       100	1	30
a4	119 	95     西域恶魔       100	1	30

;━━━━━━━━━━━━━━━━━━━━━━━━━━━━━━━━
;地图名：狼牙山谷
a5	109 	93     暗之魔龙力士9   250     1    180
a5	109 	93     暗之魔龙战将9   250     1    180
a5	109 	93     暗之魔龙巨蛾9   250     1    180
a5	109 	93     暗之魔龙力士2      100	13	10
a5	109 	93     暗之魔龙战将2      100	13	10
a5	109 	93     暗之魔龙巨蛾2      100	13	10
a5	109 	93     暗之魔龙力士2      100	13	10
a5	109 	93     暗之魔龙战将2      100	13	10
a5	109 	93     暗之魔龙巨蛾2      100	13	10
a5	109 	93     暗之魔龙力士2      100	13	10
a5	109 	93     暗之魔龙战将2      100	13	10
a5	109 	93     暗之魔龙巨蛾2      100	13	10
a5	109 	93      魔龙教主       100	5	30
a5	109 	93      暗之魔龙教主   100	5	30
a5	109 	93      魔影巨人       100	5	30
a5	109 	93      暗影刀客       100	1	30
a5	109 	93      灵魂收割       100	1	30
a5	109 	93      万年树妖       100	1	30
a5	109 	93      火云神龙       100	1	30
a5	109 	93      远古魔牛       100	1	30



a6	109 	93     暗之魔龙力士9   250     1    180
a6	109 	93     暗之魔龙战将9   250     1    180
a6	109 	93     暗之魔龙巨蛾9   250     1    180
a6	109 	93     暗之魔龙力士2      100	13	10
a6	109 	93     暗之魔龙战将2      100	13	10
a6	109 	93     暗之魔龙巨蛾2      100	13	10
a6	109 	93     暗之魔龙力士2      100	13	10
a6	109 	93     暗之魔龙战将2      100	13	10
a6	109 	93     暗之魔龙巨蛾2      100	13	10
a6	109 	93     暗之魔龙力士2      100	13	10
a6	109 	93     暗之魔龙战将2      100	13	10
a6	109 	93     暗之魔龙巨蛾2      100	13	10
a6	109 	93      魔龙教主       100	5	30
a6	109 	93      暗之魔龙教主   100	5	30
a6	109 	93      魔影巨人       100	5	30
a6	109 	93      暗影刀客       100	1	30
a6	109 	93      灵魂收割       100	1	30
a6	109 	93      万年树妖       100	1	30
a6	109 	93      火云神龙       100	1	30
a6	109 	93      远古魔牛       100	1	30
;━━━━━━━━━━━━━━━━━━━━━━━━━━━━━━━━
;地图名：邪恶庄园
w16	74 	76      暗之魔龙力士9   250     1    180
w16	74 	76      暗之魔龙战将9   250     1    180
w16	74 	76      暗之魔龙巨蛾9   250     1    180
w16	74 	76      暗之魔龙巨蛾1   70	14	10
w16	74 	76      暗之魔龙力士1   70	14	10
w16	74 	76      暗之魔龙战将1   70	14	10
w16	74 	76      魔龙巨蛾       70	14	10
w16	74 	76      魔龙力士       70	14	10
w16	74 	76      魔龙战将       70	14	10
w16	74 	76      魔龙教主       70	4	20
w16	74 	76      暗之魔龙教主   70	4	20
w16	74 	76      魔影巨人       70	4	20
w16	89 	104     暗影刀客       70	1	30
w16	89 	104     灵魂收割       70	1	30
w16	89 	104     万年树妖       70	1	30
w16	89 	104     火云神龙       70	1	30



e16	74 	76      暗之魔龙力士9   250     1    180
e16	74 	76      暗之魔龙战将9   250     1    180
e16	74 	76      暗之魔龙巨蛾9   250     1    180
e16	74 	76      暗之魔龙巨蛾1   70	14	10
e16	74 	76      暗之魔龙力士1   70	14	10
e16	74 	76      暗之魔龙战将1   70	14	10
e16	74 	76      魔龙巨蛾       70	14	10
e16	74 	76      魔龙力士       70	14	10
e16	74 	76      魔龙战将       70	14	10
e16	74 	76      魔龙教主       70	4	20
e16	74 	76      暗之魔龙教主   70	4	20
e16	74 	76      魔影巨人       70	4	20
e16	89 	104     暗影刀客       70	1	30
e16	89 	104     灵魂收割       70	1	30
e16	89 	104     万年树妖       70	1	30
e16	89 	104     火云神龙       70	1	30

;━━━━━━━━━━━━━━━━━━━━━━━━━━━━━━━━
;地图名：迷失天坛
w14	89 	104     暗之魔龙力士9   250     1    180
w14	89 	104     暗之魔龙战将9   250     1    180
w14	89 	104     暗之魔龙巨蛾9   250     1    180
w14	89 	104     暗之魔龙巨蛾1   120	20	10
w14	89 	104     暗之魔龙力士1   120	20	10
w14	89 	104     暗之魔龙战将1   120	20	10
w14	89 	104     魔龙巨蛾       120	20	10
w14	89 	104     魔龙力士       120	20	10
w14	89 	104     魔龙战将       120	20	10
w14	89 	104     魔龙教主       120	3	20
w14	89 	104     暗之魔龙教主   120	3	20
w14	89 	104     魔影巨人       120	3	20
w14	89 	104     暗影刀客       120	1	30
w14	89 	104     灵魂收割       120	1	30
w14	89 	104     万年树妖       120	1	30

e14	89 	104     暗之魔龙力士9   250     1    180
e14	89 	104     暗之魔龙战将9   250     1    180
e14	89 	104     暗之魔龙巨蛾9   250     1    180
e14	89 	104     暗之魔龙巨蛾1   120	20	10
e14	89 	104     暗之魔龙力士1   120	20	10
e14	89 	104     暗之魔龙战将1   120	20	10
e14	89 	104     魔龙巨蛾       120	20	10
e14	89 	104     魔龙力士       120	20	10
e14	89 	104     魔龙战将       120	20	10
e14	89 	104     魔龙教主       120	3	20
e14	89 	104     暗之魔龙教主   120	3	20
e14	89 	104     魔影巨人       120	3	20
e14	89 	104     暗影刀客       120	1	30
e14	89 	104     灵魂收割       120	1	30
e14	89 	104     万年树妖       120	1	30

;━━━━━━━━━━━━━━━━━━━━━━━━━━━━━━━━
;地图名：罗刹神殿


w12	44 	43     暗之魔龙力士9   250     1    180
w12	44 	43     暗之魔龙战将9   250     1    180
w12	44 	43     暗之魔龙巨蛾9   250     1    180
w12	44 	43     暗之魔龙巨蛾1   50	13	8
w12	44 	43     暗之魔龙力士1   50	13	8
w12	44 	43     暗之魔龙战将1   50	13	8
w12	44 	43     魔龙巨蛾       50	13	8
w12	44 	43     魔龙力士       50	13	8
w12	44 	43     魔龙战将       50	13	8
w12	44 	43     魔龙教主       50	3	20
w12	44 	43     暗之魔龙教主   50	3	20
w12	44 	43     魔影巨人       50	3	20
w12	44 	43     暗影刀客       50	1	30
w12	44 	43     灵魂收割       50	1	30



e12	44 	43     暗之魔龙力士9   250     1    180
e12	44 	43     暗之魔龙战将9   250     1    180
e12	44 	43     暗之魔龙巨蛾9   250     1    180
e12	44 	43     暗之魔龙巨蛾1   50	13	8
e12	44 	43     暗之魔龙力士1   50	13	8
e12	44 	43     暗之魔龙战将1   50	13	8
e12	44 	43     魔龙巨蛾       50	13	8
e12	44 	43     魔龙力士       50	13	8
e12	44 	43     魔龙战将       50	13	8
e12	44 	43     魔龙教主       50	3	20
e12	44 	43     暗之魔龙教主   50	3	20
e12	44 	43     魔影巨人       50	3	20
e12	44 	43     暗影刀客       50	1	30
e12	44 	43     灵魂收割       50	1	30

;━━━━━━━━━━━━━━━━━━━━━━━━━━━━━━━━
;地图名：狂风地牢
w10	50 	50     暗之魔龙力士9   250     1    180
w10	50 	50     暗之魔龙战将9   250     1    180
w10	50 	50     暗之魔龙巨蛾9   250     1    180
w10	50 	50     暗之魔龙巨蛾1   60	13	8
w10	50 	50     暗之魔龙力士1   60	13	8
w10	50 	50     暗之魔龙战将1   60	13	8
w10	50 	50     魔龙巨蛾       60	13	8
w10	50 	50     魔龙力士       60	13	8
w10	50 	50     魔龙战将       60	13	8
w10	50 	50     魔龙教主       60	3	20
w10	50 	50     暗之魔龙教主   60	3	20
w10	50 	50     魔影巨人       60	3	20
w10	50 	50     暗影刀客       60	1	30

e10	50 	50     暗之魔龙力士9   250     1    180
e10	50 	50     暗之魔龙战将9   250     1    180
e10	50 	50     暗之魔龙巨蛾9   250     1    180
e10	50 	50     暗之魔龙巨蛾1   60	13	8
e10	50 	50     暗之魔龙力士1   60	13	8
e10	50 	50     暗之魔龙战将1   60	13	8
e10	50 	50     魔龙巨蛾       60	13	8
e10	50 	50     魔龙力士       60	13	8
e10	50 	50     魔龙战将       60	13	8
e10	50 	50     魔龙教主       60	3	20
e10	50 	50     暗之魔龙教主   60	3	20
e10	50 	50     魔影巨人       60	3	20
e10	50 	50     暗影刀客       60	1	30

;━━━━━━━━━━━━━━━━━━━━━━━━━━━━━━━━
;地图名：天墓堡垒
w7	46 	45     暗之魔龙力士9   250     1    180
w7	46 	45     暗之魔龙战将9   250     1    180
w7	46 	45     暗之魔龙巨蛾9   250     1    180
w7	46 	45     暗之魔龙巨蛾   100	15	5
w7	46 	45     暗之魔龙力士   100	15	5
w7	46 	45     暗之魔龙战将   100	15	5
w7	46 	45     魔龙巨蛾       100	15	5
w7	46 	45     魔龙力士       100	15	5
w7	46 	45     魔龙战将       100	15	5
w7	46 	45     魔龙教主       100	2	30
w7	46 	45     暗之魔龙教主   100	2	30
w7	46 	45     魔影巨人       100	2	30


w8	46 	45     暗之魔龙力士9   250     1    180
w8	46 	45     暗之魔龙战将9   250     1    180
w8	46 	45     暗之魔龙巨蛾9   250     1    180
w8	46 	45     暗之魔龙巨蛾   100	15	5
w8	46 	45     暗之魔龙力士   100	15	5
w8	46 	45     暗之魔龙战将   100	15	5
w8	46 	45     魔龙巨蛾       100	15	5
w8	46 	45     魔龙力士       100	15	5
w8	46 	45     魔龙战将       100	15	5
w8	46 	45     魔龙教主       100	2	30
w8	46 	45     暗之魔龙教主   100	2	30
w8	46 	45     魔影巨人       100	2	30

w9	46 	45     暗之魔龙力士9   250     1    180
w9	46 	45     暗之魔龙战将9   250     1    180
w9	46 	45     暗之魔龙巨蛾9   250     1    180
w9	46 	45     暗之魔龙巨蛾   100	15	5
w9	46 	45     暗之魔龙力士   100	15	5
w9	46 	45     暗之魔龙战将   100	15	5
w9	46 	45     魔龙巨蛾       100	15	5
w9	46 	45     魔龙力士       100	15	5
w9	46 	45     魔龙战将       100	15	5
w9	46 	45     魔龙教主       100	2	30
w9	46 	45     暗之魔龙教主   100	2	30
w9	46 	45     魔影巨人       100	2	30


;━━━━━━━━━━━━━━━━━━━━━━━━━━━━━━━━
;地图名：远古废墟
w1	65 	30     暗之魔龙力士9   250     1    180
w1	65 	30     暗之魔龙战将9   250     1    180
w1	65 	30     暗之魔龙巨蛾9   250     1    180
w1	65 	30     暗之魔龙巨蛾   80	15	5
w1	65 	30     暗之魔龙力士   80	15	5
w1	65 	30     暗之魔龙战将   80	15	5
w1	65 	30     魔龙巨蛾       80	15	5
w1	65 	30     魔龙力士       80	15	5
w1	65 	30     魔龙战将       80	15	5
w1	65 	30     魔龙教主       80	1	30
w1	65 	30     暗之魔龙教主   80	1	30
w1	65 	30     魔影巨人       80	1	30

w2	72 	29     暗之魔龙力士9   250     1    180
w2	72 	29     暗之魔龙战将9   250     1    180
w2	72 	29     暗之魔龙巨蛾9   250     1    180
w2	72 	29     暗之魔龙巨蛾   80	15	5
w2	72 	29     暗之魔龙力士   80	15	5
w2	72 	29     暗之魔龙战将   80	15	5
w2	72 	29     魔龙巨蛾       80	15	5
w2	72 	29     魔龙力士       80	15	5
w2	72 	29     魔龙战将       80	15	5
w2	72 	29     魔龙教主       80	1	30
w2	72 	29     暗之魔龙教主   80	1	30
w2	72 	29     魔影巨人       80	1	30



w3	25  	24     魔龙教主           50	3	30
w3	25  	24     暗之魔龙教主       50	3	30
w3	25  	24     魔影巨人           50	3	30


;━━━━━━━━━━━━━━━━━━━━━━━━━━━━━━━━
;地图名：幽冥古墓
w4	34  	21     暗之魔龙力士9   250     1    180
w4	34  	21     暗之魔龙战将9   250     1    180
w4	34  	21     暗之魔龙巨蛾9   250     1    180
w4	34  	21     暗之魔龙巨蛾   100	15	5
w4	34  	21     暗之魔龙力士   100	15	5
w4	34  	21     暗之魔龙战将   100	15	5
w4	34  	21     魔龙巨蛾       100	15	5
w4	34  	21     魔龙力士       100	15	5
w4	34  	21     魔龙战将       100	15	5
w4	34  	21     魔龙教主       100	2	30
w4	34  	21     暗之魔龙教主   100	2	30
w4	34  	21     魔影巨人       100	2	30

w5	22  	24     暗之魔龙力士9   250     1    180
w5	22  	24     暗之魔龙战将9   250     1    180
w5	22  	24     暗之魔龙巨蛾9   250     1    180
w5	22  	24     暗之魔龙巨蛾   50	5	5
w5	22  	24     暗之魔龙力士   50	5	5
w5	22  	24     暗之魔龙战将   50	5	5
w5	22  	24     魔龙巨蛾       50	5	5
w5	22  	24     魔龙力士       50	5	5
w5	22  	24     魔龙战将       50	5	5
w5	22  	24     魔龙教主       50	1	30
w5	22  	24     暗之魔龙教主   50	1	30
w5	22  	24     魔影巨人       50	1	30


w6	17  	11     魔龙教主       5	2	30
w6	17  	11     暗之魔龙教主   5	2	30
w6	17  	11     魔影巨人       5	2	30

;━━━━━━━━━━━━━━━━━━━━━━━━━━━━━━━━
;地图名：猪洞九层
zhu9	75  	114    暗之魔龙力士9   250     1    180
zhu9	75  	114    暗之魔龙战将9   250     1    180
zhu9	75  	114    暗之魔龙巨蛾9   250     1    180
zhu9	75  	114    暗之魔龙巨蛾   150	25	8
zhu9	75  	114    暗之魔龙力士   150	25	8
zhu9	75  	114    暗之魔龙战将   150	25	8
zhu9	75  	114    魔龙巨蛾       150	25	8
zhu9	75  	114    魔龙力士       150	25	8
zhu9	75  	114    魔龙战将       150	25	8
zhu9	75  	114    魔龙教主       150	1	30
zhu9	75  	114    暗之魔龙教主   150	1	30
zhu9	75  	114    魔影巨人       150	1	30

zhu10	75  	114    暗之魔龙力士9   250     1    180
zhu10	75  	114    暗之魔龙战将9   250     1    180
zhu10	75  	114    暗之魔龙巨蛾9   250     1    180
zhu10	75  	114    暗之魔龙巨蛾   150	25	8
zhu10	75  	114    暗之魔龙力士   150	25	8
zhu10	75  	114    暗之魔龙战将   150	25	8
zhu10	75  	114    魔龙巨蛾       150	25	8
zhu10	75  	114    魔龙力士       150	25	8
zhu10	75  	114    魔龙战将       150	25	8
zhu10	75  	114    魔龙教主       150	1	30
zhu10	75  	114    暗之魔龙教主   150	1	30
zhu10	75  	114    魔影巨人       150	1	30



;━━━━━━━━━━━━━━━━━━━━━━━━━━━━━━━━
;地图名：地下皇陵
huanglin  50 50    暗之魔龙力士9   250     1    180
huanglin  50 50    暗之魔龙战将9   250     1    180
huanglin  50 50    暗之魔龙巨蛾9   250     1    180
huanglin  50 50    暗之魔龙教主       50   1   30
huanglin  50 50    魔影巨人           50   1   30
huanglin  50 50    魔龙教主           50   1   30
huanglin  50 50    魔龙力士           50   8   10
huanglin  50 50    魔龙战将           50   8   10
huanglin  50 50    魔龙巨蛾           50   6   10
huanglin  50 50    暗之魔龙战将       50   6   10
huanglin  50 50    暗之魔龙力士       50   6   10
huanglin  50 50    暗之魔龙巨蛾       50   6   10

huanglin1	150	150	暗之魔龙力士9   250     1    180
huanglin1	150	150	暗之魔龙战将9   250     1    180
huanglin1	150	150	暗之魔龙巨蛾9   250     1    180
huanglin1	150	150	魔龙教主	180	1	30
huanglin1	150	150	暗之魔龙教主	180	1	30
huanglin1	150	150	魔影巨人	180	1	30
huanglin1	150	150	魔龙巨蛾	180	40	10
huanglin1	150	150	魔龙战将	180	40	10
huanglin1	150	150	魔龙力士	180	40	10
huanglin1	150	150	暗之魔龙巨蛾	180	40	10
huanglin1	150	150	暗之魔龙战将	180	40	10
huanglin1	150	150	暗之魔龙力士	180	40	10

huanglin2	50	50	暗之魔龙力士9   250     1    180
huanglin2	50	50	暗之魔龙战将9   250     1    180
huanglin2	50	50	暗之魔龙巨蛾9   250     1    180
huanglin2	50	50	魔龙巨蛾	70	15	10
huanglin2	50	50	魔龙力士	70	15	10
huanglin2	50	50	魔龙战将	70	15	10
huanglin2	50	50	暗之魔龙教主	70	1	30
huanglin2	50	50	魔龙教主	70	1	30
huanglin2	50	50	魔影巨人	70	1	30
huanglin2	50	50	暗之魔龙巨蛾	70	15	10
huanglin2	50	50	暗之魔龙力士	70	15	10
huanglin2	50	50	暗之魔龙战将	70	15	10


;━━━━━━━━━━━━━━━━━━━━━━━━━━━━━━━━
;地图名：宫殿大厅
H008A	30	25	魔龙教主	10	1	60
H008A	30	25	暗之魔龙教主	10	1	60
H008A	30	25	魔影巨人	10	1	60


;━━━━━━━━━━━━━━━━━━━━━━━━━━━━━━━━
;地图名：祖玛七
D5072	51	57	祖玛雕像	30	10	10
D5072	51	57	祖玛卫士	30	10	10
D5072	51	57	祖玛弓箭手	30	10	10
D5072	51	57	祖玛雕像3	30	10	10
D5072	51	57	祖玛卫士3	30	10	10
D5072	51	57	祖玛弓箭手3	30	10	10
D5072	51	57	祖玛雕像0	30	10	10
D5072	51	57	祖玛卫士0	30	10	10
D5072	51	57	祖玛弓箭手0	30	10	10
D5072	51	57	魔龙教主	30	1	30
D5072	51	57	暗之魔龙教主	30	1	30
D5072	51	57	魔影巨人	30	1	30

;━━━━━━━━━━━━━━━━━━━━━━━━━━━━━━━━
;地图名：龙源血路
65	150	150	暗之魔龙力士9   250     1    180
65	150	150	暗之魔龙战将9   250     1    180
65	150	150	暗之魔龙巨蛾9   250     1    180
65	150	150	魔龙刀兵	250	25	10
65	150	150	魔龙刀兵	250	25	10
65	150	150	魔龙刀兵	250	25	10
65	150	150	魔龙刀兵	250	25	10
65	150	150	魔龙破甲兵	250	25	10
65	150	150	魔龙破甲兵	250	25	10
65	150	150	魔龙破甲兵	250	25	10
65	150	150	魔龙破甲兵	250	25	10
65	150	150	魔龙射手	250	25	10
65	150	150	魔龙射手	250	25	10
65	150	150	魔龙射手	250	25	10
65	150	150	魔龙射手	250	25	10
65	150	150	魔龙力士	250	3	10
65	150	150	暗之魔龙力士	250	3	10
65	150	150	魔龙战将	250	3	10
65	150	150	暗之魔龙巨蛾	250	3	10
65	150	150	魔龙巨蛾	250	3	10
65	150	150	暗之魔龙战将	250	3	10
65	150	150	魔龙教主	30	1	30
65	150	150	暗之魔龙教主	30	1	30

;━━━━━━━━━━━━━━━━━━━━━━━━━━━━━━━━	
;地图名：幻境七层
H007	100	100	祖玛弓箭手	100	30	10
H007	100	100	祖玛雕像	100	30	10
H007	100	100	祖玛卫士	100	30	10
H007	100	100	祖玛弓箭手	100	30	10
H007	100	100	祖玛雕像	100	30	10
H007	100	100	祖玛卫士	100	30	10
H007	100	100	祖玛卫士	100	30	10
H007	100	100	祖玛弓箭手	100	30	10
H007	100	100	祖玛弓箭手	100	30	10
H007	100	100	祖玛卫士	100	30	10
H007	100	100	祖玛卫士	100	30	10
H007	100	100	祖玛雕像	100	30	10	
H007	137	151	魔影巨人	0	1	30
H007	118	13	魔龙教主	1	1	30
H007	118	13	暗之魔龙教主	1	1	30
;━━━━━━━━━━━━━━━━━━━━━━━━━━━━━━━━	

;地图名：幻境八层
H008	25	29	魔影巨人	10	1	30	
H008	25	29	魔龙教主	10	1	30	
H008	25	29	暗之魔龙教主	10	1	30
;━━━━━━━━━━━━━━━━━━━━━━━━━━━━━━━━	
;地图名：幻境九层
H009	128	91	暗之魔龙教主	100	1	30
H009	128	91	魔龙教主	100	1	30
H009	128	91	魔影巨人	100	1	30
;━━━━━━━━━━━━━━━━━━━━━━━━━━━━━━━━	
;地图名：屠龙殿
H010	50	50	魔龙教主	50	1	30
H010	50	50	暗之魔龙教主	50	1	30
H010	50	50	魔影巨人	50	1	30

;━━━━━━━━━━━━━━━━━━━━━━━━━━━━━━━━	



;━━━━━━━━━━━━━━━━━━━━━━━━━━━━━━━━	
;地图名：王者禁地
H106	105	104	暗之魔龙教主    150	1	30
H106	100	100	魔影巨人	150	1	30
H106	100	100	魔龙教主	150	1	30
H106	100	100     暗之魔龙巨蛾   150	25	8
H106	100	100     暗之魔龙力士   150	25	8
H106	100	100     暗之魔龙战将   150	25	8
H106	100	100     魔龙巨蛾       150	25	8
H106	100	100     魔龙力士       150	25	8
H106	100	100     魔龙战将       150	25	8

;━━━━━━━━━━━━━━━━━━━━━━━━━━━━━━━━
	

;地图名：沙巴克藏宝阁
H204	50	50	魔龙力士	50	8	15	
H204	50	50	魔龙战将	50	8	15
H204	50	50	魔龙巨蛾	50	8	15
H204	50	50	暗之魔龙力士	50	8	15	
H204	50	50	暗之魔龙战将	50	8	15
H204	50	50	暗之魔龙巨蛾	40	1	15
H204	50	50	暗之魔龙教主	40	1	30
H204	50	50	魔龙教主	40	1	30
;━━━━━━━━━━━━━━━━━━━━━━━━━━━━━━━━

;━━━━━━━━━━━━━━━━━━━━━━━━━━━━━━━━
;地图名：BOSS皇宫
BOSSG	20	22	暗之魔龙教主	10	1	30
BOSSG	20	22	魔龙教主	10	1	30
BOSSG	20	22	魔影巨人	10	1	30
BOSSG	20	22	魔龙力士	10	1	10	
BOSSG	20	22	魔龙战将	10	1	10
BOSSG	20	22	暗之魔龙力士	10	1	10	
BOSSG	20	22	暗之魔龙战将	10	1	10

;━━━━━━━━━━━━━━━━━━━━━━━━━━━━━━━━	
;地图名：BOSS皇宫二层
BOSS8	66	64	暗之魔龙教主	20	1	30
BOSS8	66	64	魔龙教主	20	1       30
BOSS8	66	64	魔影巨人	20	1       30
BOSS8	66	64	魔龙力士	20	6	10
BOSSG	20	22	魔龙战将	20	6	10
BOSS8	66	64	魔龙巨蛾	20	6	10
BOSS8	66	64	暗之魔龙力士	20	6	10
BOSS8	66	64	暗之魔龙战将	20	6	10
BOSS8	66	64	暗之魔龙巨蛾	20	6	10

;━━━━━━━━━━━━━━━━━━━━━━━━━━━━━━━━
;地图名：玛雅神殿
Fama2	46	48	魔龙力士	60	10	10
Fama2	46	48	魔龙战将	60	10	10
Fama2	46	48	魔龙巨蛾	60	10	10
Fama2	46	48	暗之魔龙力士	60	10	10
Fama2	46	48	暗之魔龙战将	60	10	10
Fama2	46	48	暗之魔龙巨蛾	60	10	10


Fama3	34	39	暗之魔龙教主	60	1	30
Fama3	34	39	魔龙教主	60	1	30
Fama3	34	39	魔龙力士	60	10	10
Fama3	34	39	魔龙战将	60	10	10
Fama3	34	39	魔龙巨蛾	60	10	10
Fama3	34	39	暗之魔龙力士	60	10	10
Fama3	34	39	暗之魔龙战将	60	10	10
Fama3	34	39	暗之魔龙巨蛾	60	10	10


Fama4	20	31	暗之魔龙教主	10	1	30
Fama4	20	31	魔龙教主	10	1	30
Fama4	20	31	魔影巨人	10	1	30
Fama4	20	31	魔龙力士	10	2	10
Fama4	20	31	魔龙巨蛾	10	2	10
Fama4	20	31	暗之魔龙战将	10	2	10
Fama4	20	31	暗之魔龙巨蛾	10	2	10

;━━━━━━━━━━━━━━━━━━━━━━━━━━━━━━━━
;地图名：万恶之源
wane1	26	14	魔龙教主	20	1	30
wane1	26	14	暗之魔龙教主	20	1	30
wane1	26	14	魔影巨人	20	1	30

;━━━━━━━━━━━━━━━━━━━━━━━━━━━━━━━━	
;地图名：魔龙大殿
EM100	14	16	暗之魔龙教主	5	1	30
EM100	14	16	魔龙教主	5	1       30
EM100	14	16	魔龙力士	5	1	15
EM100	14	16	魔龙战将	5	1	15
EM100	14	16	暗之魔龙力士	5	1	15
EM100	14	16	暗之魔龙战将	5	1	15







3	325	311	弓箭守卫	0	1	1
3	348	332	弓箭守卫	0	1	1
3	296	334	弓箭守卫	0	1	1
3	302	340	弓箭守卫	0	1	1
3	305	290	弓箭守卫	0	1	1
3	288	305	弓箭守卫	0	1	1
3	302	370	弓箭守卫	0	1	1
3	336	321	弓箭守卫	0	1	1
3	273	743	弓箭守卫	0	1	1
3	274	744	弓箭守卫	0	1	1
3	512	770	弓箭守卫	0	1	1
3	519	777	弓箭守卫	0	1	1





;━━━━━━━━━━━━━━━━━━━━━━━━━━━━━━━━	
;地图名：宫殿长朗



ab1	23	23	半兽战士111	 20	70	10
ab1	23	23	半兽战士111	 20	70	10
ab1	23	23	半兽战士111	 20	70	10
ab1	23	23	半兽战士111	 20	70	10
ab1	23	23	半兽战士111	 20	70	10
ab1	23	23	半兽战士111	 20	70	10
ab1	23	23	半兽战士111	 20	70	10


ab2	23	23	半兽战士111	 20	70	10
ab2	23	23	半兽战士111	 20	70	10
ab2	23	23	半兽战士111	 20	70	10
ab2	23	23	半兽战士111	 20	70	10
ab2	23	23	半兽战士111	 20	70	10
ab2	23	23	半兽战士111	 20	70	10
ab2	23	23	半兽战士111	 20	70	10


ab3	23	23	半兽战士111	 20	70	10
ab3	23	23	半兽战士111	 20	70	10
ab3	23	23	半兽战士111	 20	70	10
ab3	23	23	半兽战士111	 20	70	10
ab3	23	23	半兽战士111	 20	70	10
ab3	23	23	半兽战士111	 20	70	10
ab3	23	23	半兽战士111	 20	70	10


ab4	23	23	半兽战士111	 20	70	10
ab4	23	23	半兽战士111	 20	70	10
ab4	23	23	半兽战士111	 20	70	10
ab4	23	23	半兽战士111	 20	70	10
ab4	23	23	半兽战士111	 20	70	10
ab4	23	23	半兽战士111	 20	70	10
ab4	23	23	半兽战士111	 20	70	10


ab5	23	23	半兽战士111	 20	70	10
ab5	23	23	半兽战士111	 20	70	10
ab5	23	23	半兽战士111	 20	70	10
ab5	23	23	半兽战士111	 20	70	10
ab5	23	23	半兽战士111	 20	70	10
ab5	23	23	半兽战士111	 20	70	10
ab5	23	23	半兽战士111	 20	70	10



ab6	23	23	半兽战士111	 20	70	10
ab6	23	23	半兽战士111	 20	70	10
ab6	23	23	半兽战士111	 20	70	10
ab6	23	23	半兽战士111	 20	70	10
ab6	23	23	半兽战士111	 20	70	10
ab6	23	23	半兽战士111	 20	70	10
ab6	23	23	半兽战士111	 20	70	10
